300000000S
           0            0
        3016            1
       55494            1
      220666            1
        4817            1
        7330            1
        7330            1
       18558            1
       37158            1
       80175            1
       80215            1
       90738            1
       91559            1
       91370            1
       20107            1
       90208            1
       88761            1
       92225            1
       91377            1
       89115            1
        9128            1
       25651            1
       85182            1
       34820            1
       25643            1
       15604            1
       30601            1
       25823            1
       30255            1
       24042            1
       30360            1
       23358            1
       29259            1
       24883            1
       29258            1
       23076            1
       29121            1
       23368            1
       29120            1
       24880            1
       23247            1
        3006            1
       29344            1
       23339            1
       29390            1
        3132            1
        5336            1
       14420            1
       14347            1
       14417            1
